image: map.pgm
resolution: 0.020000
origin: [-36.009998, -36.009998, 0.000000] #-4.010000
negate: 0
occupied_thresh: 0.65
free_thresh: 0.196

